3963
27164
56810
41219
5313
4294
864
56996
70160
45567
73450
40904
10550
37997
65816
54402
66816
53480
24952
64048
49424
51904
78377
26464
43768
49931
3320
65639
3242
28321
13344
10912
20642
71946
43209
19091
5122
36336
66216
66114
73984
14722
65848
4292
69129
136
78976
57632
25015
7440
35664
754
76051
26097
52665
42848
29537
6274
72627
27784
1881
68512
53921
43539
326
57316
37680
21653
65456
5090
67945
2458
5777
6632
39736
57840
47444
8525
36312
2026
9421
32608
7777
7192
14675
73545
31580
14760
38392
11507
35585
19952
39008
40528
43080
15905
46367
66340
5841
24464
8348
59214
7931
49688
7988
2003
68451
25923
9356
1704
25859
14971
63569
56769
14351
55656
62671
70117
79319
22008
43969
37480
22272
40896
32253
46960
41256
44084
17282
6577
12130
52793
26300
18201
37584
1315
78979
54553
77281
40432
49280
17176
16841
59104
37477
40609
45888
26849
9989
13824
66003
17616
9656
50860
52237
36322
18337
37522
18584
36248
60650
44038
27697
50861
12233
27089
11208
50648
68000
31600
65835
49184
18105
32820
25699
23353
34177
73315
20000
43864
65555
71681
50274
16369
6794
11681
68416
31177
52585
7660
38977
1624
5017
2072
42208
39369
60868
12128
73667
77060
61258
72816
78439
35861
74722
3969
41992
48528
7752
54459
43307
56108
873
62727
15968
15346
54953
27880
39073
26936
57384
56338
2371
64456
79337
46944
64109
38951
54464
20646
15779
72100
137
72281
1793
6642
19243
59338
29025
42897
52000
29064
57080
2817
50137
19641
36196
69864
31080
16396
23012
18696
12003
5819
28200
25041
35815
10641
70120
50464
77574
35504
8057
56068
3116
44864
76537
13826
46274
32624
63730
2235
30827
42702
61320
26479
30515
41313
31442
30632
37914
79972
25345
30337
28410
5376
70210
45091
58083
27910
31360
67229
3942
73969
36024
1864
73025
38560
968
32322
58616
26995
26248
17651
17800
77398
60115
23845
37621
68835
50209
67044
36417
79553
1105
31473
11424
36121
32772
42016
36340
73489
56345
6305
71999
52129
24867
26122
36870
40251
56548
52731
22151
19424
25164
40977
1408
27305
75497
64487
46001
17888
53794
13568
31109
15814
25714
8466
78826
67462
69793
17704
78765
16352
4128
75720
48697
56069
29316
64131
51377
3043
74723
24721
31296
36192
21416
69979
59264
28072
33515
15336
29944
51881
324
67634
19890
54659
42785
60068
78864
24557
47256
23329
79624
38260
76642
14641
21724
48264
11473
18500
23576
77599
56513
20681
48608
48865
22954
3666
54153
77595
65483
67168
18113
78423
56546
688
71616
24705
6121
47778
36648
44456
14637
30737
4027
69689
5798
55654
78480
1216
9866
19569
35584
30186
57504
28496
76032
71210
56040
56721
21313
28069
36810
20152
39108
38752
31905
66500
9186
45988
5972
36645
52280
50321
67816
29066
33640
23320
67365
33
51691
61720
4216
50434
45884
4363
12152
60798
23911
60656
14873
8985
36601
56177
69179
35016
18282
3652
71338
49865
944
27617
79384
24898
72800
20848
70243
30025
73760
61953
40873
61002
66762
77397
56401
48960
69216
7688
16368
43928
46272
66081
19432
61799
9473
26016
46371
48763
67873
33360
68979
20881
22387
26482
14160
3496
41585
29184
65372
51097
54657
36457
70232
49475
37122
2179
69704
70736
35730
17308
55240
31229
20231
49943
58904
25512
11688
70048
58961
38371
11072
6088
29481
6296
28361
7144
10395
71849
69324
71303
22224
67752
42008
6320
42937
34648
66989
30861
19897
57130
50208
69664
44817
73217
13154
50891
42923
66112
76225
33840
8602
74971
11840
2918
13416
67656
969
4994
3610
61226
24354
59919
38136
43772
46584
46155
58320
14539
22144
20056
44497
65136
46482
9672
69120
44738
66212
27028
58341
37164
11520
50082
66001
54257
73673
76962
11632
55521
9383
55224
62499
41218
66243
76352
10744
33764
22849
10497
6427
32897
14880
61565
29132
60083
78943
43627
46073
75912
78465
34914
60198
2975
74664
16961
12801
79681
56376
72331
35265
73330
79249
45339
58343
2208
22258
43393
46082
963
60709
68361
61184
77104
60241
27811
67994
47082
27480
78467
8096
55280
46603
67329
32499
79328
75761
57576
30432
2867
14817
36162
32266
8040
40988
33096
8964
35635
1820
52928
45425
63380
1608
17821
68480
75449
55048
13076
195
29528
50449
48025
37592
35280
38576
53505
58233
75920
62664
30040
37003
45973
72640
19751
33705
58001
69643
35440
35057
73410
58640
13417
56900
28380
79364
77536
74588
31520
40537
75815
74321
27349
56617
4134
6582
64000
52050
48568
25353
70625
46602
71299
54140
60317
27993
31719
11058
36766
76505
75616
34885
77185
22577
36026
40857
37456
76914
40743
4138
42601
24553
48872
19798
79266
60976
46100
64191
75824
12736
18818
76164
52480
24403
5458
53736
16387
6310
64727
24385
56322
67170
22885
45121
67714
36352
51584
24936
11104
26515
25552
46416
21666
32066
449
4071
769
63018
40593
38868
61876
22017
64696
41634
6625
44608
3594
46865
41275
54440
70960
69912
56744
36897
17890
9764
52664
54448
40028
14896
9120
64304
8904
64202
79738
37995
20232
27392
63515
11108
61796
34401
19008
45040
54499
15887
39309
36449
30469
8130
70763
7465
56
65359
23138
16580
64061
20432
57257
23333
194
72344
59075
3408
6176
53231
44793
66072
32801
46051
74875
16448
67826
49384
75211
62825
66913
57880
7561
744
68976
60900
29153
73051
66530
23749
71113
59328
67261
73785
11027
5960
5800
18985
59224
28003
27954
5738
38712
57600
8667
78896
5724
56579
69665
73504
60568
38960
50465
10864
3580
4537
3514
42248
44384
25450
18314
38248
61955
57689
25665
57553
74244
42101
51137
51304
38313
66841
48861
5760
73384
8448
62081
2360
521
18049
59449
20164
35122
10552
34800
68074
65112
60960
36544
17233
46049
42752
36452
43428
16709
27313
61129
63546
72348
19017
33545
62250
18736
17665
61152
12616
5057
29585
394
9952
48321
59722
59129
64884
71217
55992
19997
7864
46752
64163
42706
16761
57520
62634
46096
25568
45129
23747
73577
3091
10899
46460
60995
70726
51168
58656
56116
57953
36902
62673
23896
40681
33258
19107
70562
53346
993
39000
14948
29498
41283
896
15301
29003
49120
19696
55652
23041
41216
36531
32697
46562
24480
46664
21531
78616
16968
59640
49985
71416
42009
45907
9733
41672
30280
53704
57521
79172
12961
54281
12512
57859
10512
12063
55428
79115
58506
42150
39967
52043
19768
77977
10432
22648
44600
62080
72265
31608
50698
7651
2920
2434
24165
11034
66328
2113
77184
1918
31240
21568
27272
55832
32728
49336
62531
36187
23315
29611
2336
61392
66273
14536
78856
2673
19272
39443
51784
60832
5069
52708
65157
36859
59585
2464
26279
72832
71003
76203
7745
7809
36101
44337
44137
57121
43057
27698
12040
41192
7224
11456
67278
7792
13930
24201
5513
39603
65707
72368
4576
18264
31136
27960
74152
33552
28440
34872
1126
3131
72007
55972
60499
1345
29936
1122
41251
20825
51202
58480
72906
11995
78689
42143
5961
58810
77664
62440
69002
47114
18168
14305
69794
78978
46498
55352
77059
3835
67285
4504
62865
23266
79492
62593
51118
60320
46497
1796
77000
6939
33241
27904
7000
54736
54035
60622
24774
30210
9643
54619
34113
8968
68944
47874
5048
10800
12360
42169
63280
67218
32033
66323
48393
65795
5505
24881
75440
8792
64560
20272
24454
12482
34275
59122
7632
53713
976
61833
32822
78018
56850
79489
48280
34897
34249
39778
4417
47364
42545
65605
69363
17843
32001
61848
59696
31890
76992
20385
2209
69904
74755
34792
39090
56129
63416
70775
34659
69006
19881
68828
24187
44649
77708
13288
50681
21072
15456
45689
14448
47809
42172
70268
51192
65044
14180
77017
54528
19050
77888
544
22976
47716
38549
61352
69426
1152
56244
63202
43551
53636
27068
74405
61020
30853
30849
62086
68933
56081
32859
29189
19888
79800
42104
51296
3993
42888
30527
46297
37442
7234
9896
68032
35971
39035
22865
51512
47780
71523
21624
12851
76224
35755
46521
53280
11301
65860
20675
67106
73353
61122
50937
35267
37669
70784
42353
3944
61842
41353
51988
26174
5753
3746
78209
79216
23427
19841
78955
4803
54323
37920
43794
35657
47737
26754
52800
6272
50255
54636
3243
56930
16380
69760
30597
69025
55591
21504
19256
12123
60736
26889
20715
4920
31970
59392
29857
39147
55530
54280
14970
65497
60042
27817
78969
42617
57209
55680
58953
57624
11649
65068
26339
16593
45720
58032
38785
74342
28662
53833
17912
53948
54768
78577
30681
45528
49930
45739
71153
24048
66720
25856
60297
56640
43445
31810
47745
29020
66191
41120
21536
14288
36641
3192
1256
46681
720
74538
69713
29522
47136
75803
59074
68250
27946
25824
77346
5411
69766
40417
17539
26424
28358
59648
6249
57128
52072
7155
61530
33998
48135
59041
35661
67001
13677
73005
33432
38281
36932
78818
68784
72808
36560
3920
66577
62811
67592
49816
69033
3273
3000
11360
8728
2240
74080
22324
48178
59760
45242
71472
42177
12905
68737
65056
54400
71336
22440
59920
75000
51368
2801
34560
29952
58532
17155
45297
39457
30513
75179
34662
75571
34778
13224
54273
62120
54121
51399
36358
1990
75320
49200
69362
41280
29953
40994
5189
72705
32898
69480
25152
7680
51264
34824
66170
21904
70880
16960
57160
64561
56082
25838
63282
2568
33144
77616
52668
78082
36586
79041
7495
12410
35595
74100
54320
11734
23363
36643
57777
63706
37568
21894
29096
19176
74881
52828
24373
41224
7104
54435
69937
58866
1897
44219
44080
18768
21449
72958
71328
9730
73835
60593
5128
78880
51084
28096
59008
62425
66275
38896
10248
5698
19904
36208
55636
34521
72200
65559
29554
63952
26057
69416
18872
20036
35672
13220
62883
54672
73281
37344
5217
34673
5144
71256
73989
14661
46690
51111
48086
24616
69177
49874
19057
64311
3999
71840
55232
26850
15880
66338
44408
79209
58641
42220
24042
28257
36860
59049
3420
70387
54022
1244
46817
29059
69680
27033
4810
43296
49712
1489
79504
41673
15338
40425
65792
71460
33586
22091
51234
76291
4640
78552
77363
60464
53722
34473
68328
5859
56697
79488
41520
62792
77831
75828
56002
49720
11744
59641
45825
15010
72272
47072
22489
70770
19528
35964
68843
32400
40481
56587
67204
66785
79658
75216
39568
4577
60648
43226
8307
14159
34080
18632
42434
22118
22490
60707
31416
27174
64234
78192
34753
42258
38219
63501
11648
78154
2481
27012
16350
13922
59387
78723
3722
29842
27714
53561
64600
55434
11067
21555
26576
13249
52896
62576
61076
11024
75978
7088
47009
66049
4856
47008
70624
55136
75827
65808
23744
26528
67199
24120
53752
16489
8938
71521
71577
4513
517
36865
52451
62752
41745
74297
54952
54521
4619
23147
7553
61776
46
3170
24720
12898
68872
78874
77553
49825
13761
3218
73216
33151
33292
14601
10594
41004
58122
42952
52019
4963
74149
30305
13800
45760
48880
30356
75393
70113
67536
77832
36697
41889
21522
57769
5792
4600
45448
22064
72136
65896
13989
13830
24291
78935
3848
4865
47175
6592
23072
45241
10080
28632
73634
54388
67136
69609
57084
9574
60384
65844
63073
72146
48072
22611
23584
21321
53408
11912
56643
38937
41176
22698
53796
42444
50713
65601
74259
49792
7459
56487
12393
35760
48078
29490
48586
19271
44675
51747
73122
72644
43595
10088
28362
12337
53137
10128
59872
79772
16016
22273
70116
860
33512
15161
17221
55361
78659
33792
57985
61216
42468
68568
45634
47131
39633
41359
27369
41944
60176
53604
874
9369
8818
55520
75776
5666
57752
20049
56482
43568
49723
75835
16769
67203
59937
77152
21447
41440
24352
33881
58586
14569
57615
46176
5952
21544
74436
77473
21987
8101
47176
42328
34839
48983
55144
20824
69539
56832
6361
40816
7272
74040
77570
53409
1994
70177
10368
25718
50531
75858
30931
13097
25528
65041
69248
4827
12515
40137
11682
7865
51746
63848
72611
36353
40451
54912
69431
53154
78160
15768
11065
2688
50696
43557
44529
77128
17032
68108
68896
7816
14113
37723
32320
60784
7334
1690
46816
65027
31537
66580
27600
64641
66689
37880
25387
66436
25449
14473
18096
52986
72801
63169
36784
9731
8835
39361
12881
11272
79984
13953
74086
32905
18198
49056
35907
68832
12104
40951
73952
76546
8744
19876
9160
32865
9723
21857
66882
60480
33509
76288
31300
10083
46115
32672
24320
24218
69756
24514
24924
67682
27387
44592
67712
60672
61896
79203
17541
30824
41475
61666
28409
77475
51179
3872
29112
71288
15234
36100
78368
11514
77926
572
44359
13242
30146
16185
48449
62905
27753
43816
37257
27680
63658
30537
39259
62662
25137
67091
60952
2976
20584
49191
57120
73768
25944
19977
62185
58729
45799
8160
41570
14145
51054
43273
78501
2042
5520
47985
7522
4241
161
40300
78232
66561
47561
60691
55579
75899
73078
18528
4180
18472
10244
28609
41851
68224
54112
49957
16745
35139
43275
60993
53343
26944
5963
72345
5080
36418
47355
2594
6073
26547
16842
29354
79594
59296
21597
56600
5462
53242
4466
51914
56764
72327
16361
23512
88
72288
37328
74624
53701
13728
67524
6473
61488
37705
63393
25384
39954
55793
28625
41088
21376
36549
64435
66823
27749
61608
20226
10942
13178
78498
21184
30256
41447
40928
6307
24388
37040
35137
12028
76810
51499
53721
10992
61144
14929
43952
53216
39881
61254
72917
69433
33538
69544
48509
76299
16251
24597
3952
28192
50541
2914
30451
13570
37233
22512
17288
34505
32416
32551
44968
71090
31976
30624
56328
47015
77208
22295
30800
43160
54465
39681
71344
47864
56378
21545
54379
20793
17810
44480
47000
28525
46863
28580
5968
42066
42744
47232
6586
55289
69089
73306
60728
46530
39627
14266
50857
48677
62194
61616
26327
46568
70216
49306
71750
70535
67401
31425
65057
63766
64977
13193
23164
12612
37099
65216
72544
76480
14952
69170
40549
32269
49049
73625
73874
34155
69955
64548
44481
77808
5129
50970
19505
53345
41297
43130
63681
17241
11545
61548
7200
31536
36419
37539
3186
35769
41633
70417
75696
46809
14257
59984
76618
30307
11434
56738
19907
15713
66594
45367
65800
2560
33593
10873
24035
29057
17137
14672
16105
49938
67000
26631
51490
30268
72690
9063
32706
68354
24961
75009
16864
21775
50908
42814
63308
65160
9699
68386
55898
12680
32736
79264
53120
33448
25240
55980
38112
29236
3297
17250
63776
11224
78084
40212
10077
54136
41412
28035
11654
73898
74945
17744
49706
45434
1056
52905
57042
65299
69336
2324
32107
21778
45922
3521
59969
15178
63206
52424
14895
30031
57152
58082
7330
23748
8928
19041
27968
13835
55968
23970
74274
10179
11232
14329
68617
54188
3010
26720
2533
39728
13673
13977
39921
6076
52827
28040
28800
61963
37698
29056
20469
2104
5192
55532
52577
69493
67792
37154
74112
45506
32504
70612
49779
11177
2896
10888
55928
10768
79976
39138
15273
27752
17210
46112
1937
24584
44502
47074
50628
44040
65696
74125
6250
69409
37441
64673
2080
32524
48636
63609
32560
68562
59521
62346
64737
51826
52865
49440
23645
13697
47872
56915
78785
73377
35586
12327
52736
38544
39816
57834
32199
34330
40608
76106
58456
65116
58008
75300
21383
30672
18043
43169
69024
16971
38761
14213
8721
28481
65222
38121
48769
2718
67795
60202
49027
78992
57672
52152
72520
13992
39529
19458
18464
74020
1254
55905
15894
28034
29312
10250
30579
46689
8582
38784
10144
11658
57932
2129
29536
71440
34828
43776
12675
68956
77226
69552
54211
39937
43108
74224
45345
63067
60048
31284
73044
70675
40496
63457
44290
30287
22230
25888
20078
39922
23650
66937
54178
2465
33954
9556
31488
36224
21454
26529
78657
52418
46800
7065
28451
20982
15281
52867
51680
4259
5832
72840
69385
36049
4227
34929
37028
16001
38322
49538
6945
38158
29173
75153
865
68809
76103
7747
1712
75968
10312
59522
58400
59683
56000
34484
25637
77280
29548
20289
3642
19215
2952
19752
5876
48056
9905
5055
57269
71968
57923
39526
48706
79128
14980
76209
17361
12433
77285
52992
70209
54889
28616
8665
46788
24243
8265
46353
23375
26689
57744
18281
12361
66592
75664
1810
56065
28891
10840
18033
73920
22081
48825
35336
62890
29208
4384
44634
49844
67096
79106
68626
14392
51537
29634
45056
75137
44100
20770
49072
36802
56290
28138
2256
50945
64752
49057
6115
66361
63664
64200
6297
47720
49512
77290
43682
7628
58849
44321
418
78890
61828
55857
15044
43841
22600
63594
77632
12786
75173
29632
64102
34950
26691
33224
49768
56388
17033
21233
1582
73082
49312
65385
10951
8778
67516
17985
55748
64834
26246
19776
47672
12294
291
27785
69346
71008
28162
33795
827
51467
22260
9728
54506
26455
23009
54937
77264
45600
52971
3776
49664
35944
41123
55160
60057
26872
15849
46106
24840
50618
77336
33579
9121
12729
54964
29252
43723
67184
8324
9568
24360
39504
16400
64368
75302
22820
61259
35235
30489
60040
33267
76120
52196
54880
70555
39804
4075
20178
42504
15546
61363
30434
22210
5440
73800
49530
38305
22762
26996
13648
63344
69281
57050
57728
20481
17833
64
43017
43295
66179
67266
75313
52875
27457
45160
37635
44064
23798
481
32543
23104
36185
6737
51156
52194
42001
72884
45765
27737
32229
26081
56584
55569
456
17733
38950
63330
73246
38971
17930
38663
42035
35608
69504
33384
14850
56777
23256
51145
59645
25123
47648
30634
7256
79369
57979
9312
19560
20132
67379
75643
72857
18112
28684
17851
47272
6167
62419
33842
55970
54390
5896
62881
64193
1963
26712
11011
24511
70688
68561
59602
78947
27160
31523
36018
45384
65328
34665
41418
36545
6912
23240
57561
15265
71360
23850
22107
46902
61505
25477
38946
64819
31712
36001
67139
61830
52257
24496
10025
24937
20832
66632
12688
17187
29156
13809
21812
61064
74432
42754
35904
2504
10217
25192
78729
53369
15192
44808
56090
46952
35048
45256
75115
71729
32059
50140
68720
23132
77105
66400
2626
6833
55504
29063
21608
35739
53401
50172
49474
22372
2597
61627
31682
26147
77321
69256
19593
59881
32840
38208
27192
33379
54694
32651
40929
15360
13328
6178
21473
66456
13859
64128
20517
5861
20450
17801
30136
54088
75717
30961
57354
26456
79193
25536
21210
57704
52825
61441
22708
75234
9232
11970
15475
60801
28857
19697
63529
11795
12808
49223
34481
5898
27568
49432
55335
18178
23
37737
59980
61619
52443
47001
33737
1995
38195
46384
5105
228
4107
50196
77401
27435
25476
36904
3704
70877
15081
40192
33777
19945
4360
2602
6264
66368
41264
65608
75809
63146
45393
77328
45200
30496
67108
52130
23393
297
7844
28241
73824
76680
18188
23050
17347
63068
74465
42272
48928
32333
34099
5729
352
69761
65857
28000
22176
51481
32482
25436
42984
62665
48338
16867
55811
53896
56485
30855
15972
55370
39976
60592
58432
50848
46456
50788
5360
40513
61923
13330
51678
17162
28705
4984
35065
48218
35776
32306
29713
50306
67912
78660
36999
69889
70695
74848
18635
20195
57640
37364
274
55688
48936
5064
20722
1917
32248
15240
7424
282
56794
20625
45953
69411
55275
5410
41961
59150
59024
55929
68578
14065
54208
77565
38725
38723
61832
69785
16589
40971
48652
5315
52929
54565
36169
11697
50193
13812
73552
36369
57328
5408
7716
46366
44028
63009
51340
55985
49952
26888
411
899
9882
51344
52077
48944
25286
33794
49169
18984
23953
35756
52996
50537
41884
41473
23185
38436
1026
74456
16295
49032
12578
57544
34306
20077
40676
55824
24862
72683
71974
53284
74450
76464
65865
21093
27664
63304
32808
74232
16262
26473
66600
8468
11690
69352
1226
43988
33888
72508
40719
21448
60745
6409
53074
850
9009
19496
41729
59843
31609
59078
19394
15322
47682
64740
50616
37260
57000
40722
26572
61601
28641
50211
54332
28050
18537
68864
59650
45456
63672
37413
59537
48585
49062
10952
65657
55496
25408
78628
59961
27270
11427
79334
19661
21466
49753
9416
57739
62853
76134
65322
53681
5585
77828
53456
53980
23160
70828
30907
29761
1921
38903
61697
50312
71000
22593
61507
63807
49410
50961
37056
34989
37795
26498
38065
62649
53675
46009
6432
76012
65440
10089
50658
46409
10304
59455
72456
50341
21216
39962
60825
49328
24906
12530
13896
34548
21391
10425
78760
59880
15584
32288
40633
76056
23753
41929
68152
64608
19096
79841
5704
47343
11801
47619
51744
62136
1512
70762
16258
33785
51209
34866
70729
51652
7615
76080
55916
68066
18404
78786
39527
77721
66723
51203
5008
71846
66560
20419
71378
50979
53554
4081
14377
39072
67913
73668
36034
55107
52697
77957
74878
59489
23706
4129
17713
47383
1961
10087
6977
17921
45608
76135
8581
2352
22697
57488
59729
78897
68730
19344
32994
50432
56490
17425
7520
19521
10721
40480
72168
34537
59300
51824
19968
62146
730
79888
11393
36424
66241
11501
46624
39065
74879
62744
19311
16935
14703
33827
37532
38439
22481
23696
2306
68096
40293
67681
46769
4770
48912
3536
3025
28968
24038
14960
73479
52545
71177
16641
45897
79612
29792
26401
24782
53740
61671
47312
42936
79712
32986
16569
22145
1952
67859
60423
43819
64825
46648
44168
63719
38696
17249
28514
24522
72313
72776
14228
30328
55944
39104
54347
31528
41306
26651
68304
45985
70545
49761
60195
55873
63128
45315
61416
45378
72257
62829
78242
42564
36134
56835
22448
49793
13368
59256
68552
24885
4264
16433
48184
654
14132
3936
24951
1360
18684
77219
40099
4704
74625
48421
64765
31329
76945
46966
38433
39756
22657
14408
35168
17712
79145
72025
58016
60371
625
62594
68768
44721
47897
21372
16835
26823
52658
62176
49382
13916
58721
20451
48267
17528
10480
35882
11753
40930
58214
10388
47275
73249
35969
66019
43399
14112
33218
62464
59354
59201
37025
5852
48688
12289
20161
10240
66765
65209
53320
76005
40128
9460
41744
48552
72609
1184
8836
68556
52008
4140
12865
32873
8729
22722
32139
53777
50467
27973
42228
46240
47553
35100
69468
31715
31424
12112
60088
66554
72929
70857
8272
73947
67673
67013
23788
41664
16264
1984
63937
29315
21324
16676
63544
72512
66339
3393
14777
57099
75027
3151
46411
48609
12388
58209
74672
59184
43072
25825
56682
52185
13000
49058
3033
58304
22472
54634
23304
15961
42400
48465
67282
642
25065
14770
722
55298
60544
6792
64527
45937
2305
12480
34765
23713
76065
26504
59824
13456
51720
12066
72961
50555
50633
62504
65706
76192
47856
27088
28400
22562
76760
74675
304
79801
34396
55065
67440
41795
46819
21312
12681
9439
44841
1985
45122
34497
19236
70867
50917
75210
36256
65264
47113
1428
45321
35107
14754
72931
24737
27991
68131
12064
13748
3728
68137
34335
56456
31324
74777
37602
65520
20121
68752
2405
43620
18980
65936
30563
77312
58712
54155
32928
31553
21632
41746
24361
20972
23385
47688
51072
38177
3600
70922
77251
73392
76631
76072
40208
47451
60608
10464
31040
68473
28670
64161
52568
37872
67950
31569
70704
22536
34704
67497
46657
27587
70072
8229
54632
18914
71009
79544
48385
53592
1560
31545
32067
61169
49600
47627
68273
53376
72113
48389
68817
10764
8828
6123
27499
13840
69273
53834
28578
45274
36088
513
66427
53705
46779
53187
35200
24324
11363
55788
10419
12619
28610
41545
54122
3147
24060
7267
20777
72129
37313
27074
3879
4006
6672
48192
37016
16995
49448
75011
28237
26852
32640
40228
70276
50881
60962
11595
40392
29832
5643
20524
70465
5125
74400
64566
59785
15922
2515
37083
71947
52432
51307
19376
68802
67713
9010
15504
58363
32899
18756
63082
43505
58201
33585
75064
21345
77377
75001
4115
1120
52624
53497
22659
79561
2048
45284
68417
43206
4608
51698
73168
6464
20224
15270
32290
62402
55097
11586
64002
37105
11971
9336
30629
77120
16132
9792
39569
570
69092
37037
30771
23238
32048
35633
19793
18979
11689
69233
54192
79522
24996
16192
20866
37769
31137
24928
14017
74673
25728
55145
5152
26777
78324
56582
217
25034
29288
62337
178
56561
79872
79648
10496
16144
76833
17136
29578
68162
27976
4872
49404
17083
30112
25376
38332
56393
49851
889
17351
56970
49122
42508
31200
19336
55017
38144
681
71612
61824
57392
55381
46728
54502
73228
36451
36889
26129
14385
53578
10817
35968
26808
66690
321
65647
19872
73264
25210
54850
28561
30682
3016
53473
56392
58321
68803
35843
41472
39936
61569
19840
48088
35879
66074
30808
45152
17881
18961
44096
56959
22753
71120
3810
40729
31962
39205
76130
5136
40419
5448
76338
1116
64421
9888
23142
75934
47169
59657
2520
38929
40578
64708
45824
18713
189
5112
43353
11478
7499
35873
6265
6278
20296
42837
68842
47041
48138
55169
20472
57025
45348
39201
37171
76513
22803
13248
53792
57496
67272
55081
72325
63942
79217
65280
41018
18986
46762
74608
34288
16554
75361
49540
47952
45013
16609
45976
50670
26369
58634
65536
22088
14501
29994
65410
46088
46346
32566
48992
1744
43243
69820
41345
53712
47597
46145
67312
41270
34858
56302
29873
17680
43601
44944
57472
58560
72568
3624
71417
14161
12931
26496
64955
