654
842
954
332
602
41
433
233
733
364
473
360
877
236 237
684 685
159
370
989
870
77
809
485
298
209
966
315
935
554
276
42
804
167
799
453
843
822
742
680
642
178
839
74
100
766
217
127
422 426
299
764
187
702
888
706
431
712
188 190
658
251
384 386
686 689
672
488
959
305
323
193
570
951
125
421
394 395
448
396
555
762 763
745
451
770 773
361
33
597
321 322
1
192
292
112
132
506
429
949 953
462
707
418 419
933
655
255
247
671
776
316
736
301
85 88
472
725
907
347
98
140
673 674
136
756
423
244 248
27 30
334
586 587
302
367
997
864
869
222
514
604
713
306 310
961 965
57 58
278
219
924
650
526
939
562 563
151 152
31 32
663
480
109
820
68 69
296
633 634
43
424 427
103
286
78
880
922
729
812
116 117
324 327
692
267
457
96 97
411
148
777
223 226
235
519
865
669
963
779
545 547
879 881
404
546
118 119
281
438 443
391
908
901 903
572 573
436
196
834 835
265
271 280
784
654
460
962
444 445
648
743
2 6
534 535
490 492
569
710 711
761
24
260
891 892
906
775
22
181
129 130
111
774 781
825 828
500
647
561
275
548 552
54 55
615 618
75
945 946
630 632
532
71 72
754
926
568 571
393
328
795 796
543 544
629
626
59 64
455 459
530
977 979
161 162
958 960
23
873 876
99 101
550
297 304
258
688
714 715
256 257
66 67
627
723
270 273
414 417
180 182
980 981
343 344
153 156
309
644
9
509
557
218 221
313
401 402
91 93
606
13
238 242
179
191 195
861 866
60
651 653
911 915
728
533
899
583 585
494 495
34
536
147 150
929 930
667
904 909
46 47
797 798
759 760
372 375
171 172
80 82
771
560
216
476 478
45
168 169
40 44
458 461
607 608
662 665
973 974
698 701
134 137
937 940
70
695 696
198 199
413 415
751 753
517 518
7
793 794
942
166
434 437
5
105 108
531
559
947 952
144 146
677
838 841
740 744
993 995
339 341
38
183 185
816 817
49 51
551
398 399
481 482
788 789
982 985
800 801
716 717
200 204
262 264
368 371
718
521 522
516
4
588
350 355
805 806
243 246
450
81
409 410
359 363
813 814
808 810
114 115
470 475
385 388
984 988
28
871 872
94 95
285 288
20 26
581 582
916 918
994
469 474
847 856
259 263
36 37
403 405
956 957
697 699
452 454
512 513
591
553 558
846 853
155 157
752 758
48
620 622
664 666
8 0
62
576
3
387
138 143
335 336
659 661
617 619
668 670
910 912
266 269
735 737
407 408
703 705
675 676
29
765 769
610
291 295
337 338
102 104
320
882 883
837 840
330 331
173 175
818 824
163 165
10 12
466 471
228
87
941 943
61 65
987
272
609 612
231 234
579 580
537 542
145
768
726 731
113
287
862 868
365 366
921
11
510 511
567
596
416
749 750
900
141
646
589 590
539
832 833
390 392
727
463
905
211
925
645
149
802
831
464 465
857 858
224 227
484 487
652
640
382 383
520
867
605
964
919 927
594
126 128
89
300
525 528
584
501 503
894 897
289 290
496 498
601 603
307 318
624 625
932 934
923
556
406
446
19
896
936
635 636
996 999
428 432
628 631
261
884 885
76 79
17
990 991
279
898 902
107
778
277
836
214 215
681 683
850
515
523 524
373 376
319
397
950
889
120
657 660
90
84 86
746
913
345 353
527 529
25
855
252 253
435
268
123 124
189
724
201
577 578
637 643
283
732
565
649
389
412
15 18
811
720 721
874
875
447 449
249 250
931
73
135
208
852
878
829
16
741
611
348
439
772
225
967 968
641
992
356
354
197
887
787
803
312
358
35
154
483
791
158 160
468
202
599 600
329
241
678
747
213
739
920 928
139
593
232
229
613
704
174
848
381
21
203
52 53
314
346
679
819
708
886
420
240
206 207
497
230
616
971
827
352
39
738
972
998
110
293
400
807
574
508
210
245
564 566
131 133
815
467
194
785
294
456
938
479
50
83
860
282
970
575
549
489
978
722
694
504
164
595 598
254
592
614
176
780
955
538
122
