440
186
276
42
284
127
217
667
658
787
895
944
569
597
113
107
351
591
917
247
255
855
25
77
983
850
16
106
440
719
45
333
430
507
886
708
819
679
594
830
400
508
574
807
74
100
826
493
142
362
342
425
823
844
738
39
323
497
230
848
381
942
166
296
479
50
842
682
877
17
189
724
201
357
278
219
741
611
554
294
103
194
467
815
254
181
730
736
193
970
575
739
213
656
836
706
14
839
178
279
831
174
704
456
70
154
483
109
820
864
827
669
865
549
646
610
141
994
900
421
125
24
761
352
43
785
245
210
539
406
500
647
561
87
933
356
992
641
159
370
404
546
282
963
7
570
951
358
35
170
746
913
320
412
584
436
196
164
515
959
627
723
532
149
802
139
925
211
287
606
13
905
179
225
772
692
267
776
671
328
867
520
167
799
265
516
4
588
645
640
768
145
260
360
473
364
733
550
672
809
921
11
604
663
907
688
258
756
423
111
899
533
275
34
536
309
644
9
22
775
906
48
779
23
567
596
416
332
387
3
576
560
771
448
228
281
450
81
462
707
557
509
648
962
393
922
729
812
777
148
411
5
652
896
19
391
908
950
397
623
502
468
202
728
277
778
286
78
964
605
41
433
555
650
924
261
472
302
559
531
313
389
519
235
396
136
140
98
347
329
972
241
678
936
803
457
463
727
613
526
939
132
112
292
1
28
176
614
135
208
38
551
348
439
923
556
229
654
784
460
874
757
745
451
514
222
480
852
89
300
754
926
649
655
677
268
435
420
240
843
811
488
301
272
314
90
530
642
192
997
998
110
293
804
299
197
60
718
538
875
486
743
73
931
354
969
303
283
732
565
742
822
713
870
687
859
616
75
691
887
629
626
893
491
187
712
845
935
315
966
889
316
621
485
251
83
860
21
203
33
361
453
888
702
792
367
177
298
216
325
638
120
441
232
593
56
680
205
971
722
978
489
938
821
209
878
829
880
747
955
764
312
954
592
377
274
869
62
477
725
975
